49.0600   10.8255    18.9487    22.0578    1.0341 
41.9727   11.0622    13.6205    17.9743    0.8429 
44.9270   10.7006    17.8743    21.0647    1.0081 
40.9614   10.8699    15.6634    19.4766    0.9232 
46.5948   10.8677    17.3981    20.6999    0.9970 
39.1395   10.2897    13.5842    17.3612    0.8907 
41.6809   12.3665    18.4691    22.4591    0.9606 
38.2910   11.9543    16.1639    20.4321    0.9115 
41.9858   11.0356    19.3629    22.5837    1.0193 
37.4016   11.8457    17.1601    21.2126    0.9312 
41.3098   12.1334    16.4042    20.6582    0.9128 
37.7402   10.9843    18.5834    21.9631    0.9986 
40.9750   10.3533    20.6328    23.3416    1.0767 
36.6030   11.4408    15.3072    19.4171    0.9032 
36.1507   11.6175    16.1342    20.4292    0.8985 
36.3854   12.0923    15.3359    20.0112    0.8638 
44.8467   9.3480    15.4968    18.3426    1.0072 
36.1469   12.2591    17.3267    21.5696    0.9279 
40.2342   11.5403    20.3226    23.6628    1.0248 
41.1567   11.6035    18.0336    21.7084    0.9747 
37.4668   11.4917    15.1931    19.4610    0.8892 
38.4909   10.9889    15.5343    19.3534    0.9277 
44.5376   11.4497    18.7475    22.1753    0.9984 
43.0092   9.1706    10.8583    14.5056    0.8463 
36.9148   12.1203    16.9607    21.1893    0.9209 
41.1848   11.8234    19.4404    23.0451    0.9933 
40.9611   10.2745    18.7796    21.6828    1.0395 
43.3166   10.9056    16.2225    20.0632    0.9387 
34.9147   9.5981    17.1571    20.0805    1.0245 
45.7730   9.1091    14.4102    17.3024    0.9795 
36.8849   9.8263    14.7941    18.1813    0.9403 
33.4747   12.4608    14.5464    19.5271    0.8294 
38.7337   11.8374    19.4420    23.0794    0.9915 
30.0782   9.5434    13.1816    16.7409    0.8925 
35.7492   9.7246    15.6089    18.8156    0.9647 
35.2707   10.8999    11.9169    16.5339    0.7966 
46.8688   9.8279    16.5804    19.6223    1.0004 
47.7278   10.5814    18.5964    21.7147    1.0293 
45.4673   10.2928    18.3248    21.2141    1.0313 
35.0488   11.9811    16.6587    21.0519    0.9047 
37.3190   10.1711    14.6410    18.1856    0.9288 
38.8734   10.0176    16.7224    19.7702    1.0017 
42.7750   10.1766    15.2107    18.5991    0.9505 
39.2926   10.8909    15.2139    19.0608    0.9217 
36.6410   9.6545    14.1933    17.4677    0.9442 
40.7633   9.3469    18.7808    21.2904    1.0699 
39.2639   10.8043    17.2525    20.5749    0.9891 
39.3072   10.6061    16.1239    19.9104    0.9329 
40.3915   9.9489    17.1372    20.1963    1.0045 
40.7571   10.7286    15.3610    19.0527    0.9383 
35.1776   12.2868    20.0671    23.9499    0.9803 
40.9915   9.7116    18.6279    21.4780    1.0583 
37.9446   11.3568    16.3962    20.2786    0.9339 
45.6349   8.3991    13.1561    15.9243    0.9645 
40.4057   10.8187    17.3812    20.7211    0.9894 
45.6191   9.5015    14.4643    17.5017    0.9686 
42.5004   9.7375    16.9176    19.7046    1.0293 
39.0550   11.0288    19.0782    22.2822    1.0207 
35.4707   10.5358    14.6859    18.4236    0.9119 
38.5257   12.1695    16.7838    21.2213    0.8973 
43.7663   10.2339    14.9058    18.3815    0.9392 
44.0127   10.6535    16.6069    19.9313    0.9851 
41.8965   9.7806    15.9005    19.0049    0.9861 
35.4134   13.4009    16.5426    21.6659    0.8555 
35.5316   11.5515    17.2976    21.2922    0.9375 
40.3854   10.2408    12.3405    16.2480    0.8601 
44.1935   10.2744    17.0176    20.0934    1.0048 
40.6881   12.2924    16.7222    21.1042    0.9021 
41.7283   11.0810    19.3189    22.4663    1.0280 
35.6054   11.0691    14.3277    18.4457    0.8823 
33.7768   10.7741    15.7607    19.5472    0.9324 
41.4727   10.4176    15.7437    19.2140    0.9495 
38.0755   10.8666    17.3739    20.8452    0.9709 
39.3334   10.5669    16.1485    19.5406    0.9639 
34.8236   12.3630    16.0318    20.7701    0.8708 
47.6464   9.3978    14.9547    17.8659    0.9882 
35.8035   11.4076    18.0048    21.7117    0.9659 
36.7266   11.5882    12.3958    17.3522    0.7965 
43.2240   11.3274    18.9022    22.2614    1.0053 
39.9229   10.9726    17.3417    20.9126    0.9662 
32.5109   10.9712    11.9284    16.6889    0.7880 
41.8151   9.9710    15.3550    18.6567    0.9636 
39.1882   10.8772    18.2170    21.4732    1.0056 
36.3015   11.1827    14.4316    18.7639    0.8673 
37.5192   11.9708    16.5459    20.8529    0.9039 
37.9734   9.9358    18.7183    21.5176    1.0448 
39.5259   9.8122    16.8468    19.7996    1.0155 
36.6374   13.5851    17.2917    22.4698    0.8650 
39.8880   10.7775    20.5433    23.4320    1.0622 
35.0689   10.1366    13.6910    17.4438    0.8958 
42.0612   9.7985    17.4445    20.3483    1.0285 
41.5574   12.1595    17.7537    21.7579    0.9452 
35.8800   12.0570    15.0026    19.8926    0.8508 
39.0382   10.1174    16.6430    19.8350    0.9898 
33.4470   12.6042    14.8182    19.8854    0.8297 
45.7921   9.9202    12.2539    15.9801    0.8728 
41.6683   10.9870    16.3889    20.0988    0.9441 
40.4210   11.6305    17.9159    21.7000    0.9632 
41.9774   9.1140    12.5976    15.8183    0.9121 
38.9236   9.7130    15.8126    18.8907    0.9828 
36.6578   11.0739    10.6376    15.8795    0.7325 
43.4119   9.9367    15.0559    18.3067    0.9626 
47.0172   11.0235    15.9826    19.6829    0.9468 
42.5600   9.0664    14.2069    17.1279    0.9741 
44.1025   11.0914    16.8071    20.4710    0.9571 
47.6613   10.7074    13.5330    17.6269    0.8656 
41.3772   10.1634    17.6111    20.6510    1.0107 
37.3362   11.1636    13.8108    18.1954    0.8532 
47.0145   10.5235    15.2368    18.7937    0.9404 
47.5527   11.0510    16.3989    20.0835    0.9457 
43.1508   10.3971    15.7086    19.1214    0.9519 
41.3513   10.2467    18.2932    21.2867    1.0219 
43.4986   10.5593    15.2653    18.8266    0.9435 
40.5808   12.2128    13.5174    18.6499    0.8002 
44.8431   10.2273    15.5921    18.9665    0.9558 
37.2349   13.7540    16.3961    21.8632    0.8305 
48.2283   9.3007    15.0404    17.9739    0.9904 
47.4858   9.5180    16.4574    19.2128    1.0267 
46.9562   8.7457    14.2626    17.0542    0.9874 
35.4384   10.5961    17.0839    20.5917    0.9660 
37.7741   13.6097    17.0669    22.2557    0.8566 
48.5996   9.5203    14.9315    17.9666    0.9773 
47.6198   9.3365    16.5924    19.2257    1.0378 
36.4515   10.4307    17.4826    20.7804    0.9892 
42.2619   11.1704    15.7594    19.7017    0.9141 
43.5895   8.7882    16.8344    19.2501    1.0566 
38.5215   12.1225    17.1243    21.3041    0.9264 
37.7296   10.9797    15.8414    19.6266    0.9275 
39.3964   9.7314    16.7416    19.5733    1.0263 
40.7185   9.8065    17.8095    20.6412    1.0311 
40.2581   11.6639    18.6984    22.2205    0.9924 
42.0050   10.5986    17.1090    20.3930    0.9943 
33.0694   10.8486    15.9220    19.6731    0.9319 
37.8182   10.5967    18.7227    21.8050    1.0262 
37.7154   11.0912    17.9222    21.4667    0.9727 
44.1823   7.9260    14.0962    16.4083    1.0301 
39.1615   11.4848    15.9635    20.1455    0.9058 
41.7743   10.1309    17.2878    20.3356    1.0114 
38.4261   11.0610    16.7339    20.4376    0.9478 
36.7341   11.0610    14.2141    18.4236    0.8713 
31.4761   10.8117    13.4529    17.6338    0.8579 
36.1838   11.6550    15.3129    19.6842    0.8834 
42.4557   10.7626    15.6661    19.2829    0.9417 
35.2557   10.8171    14.0765    18.1236    0.8863 
36.4229   10.1955    17.5764    20.6590    1.0085 
37.0371   10.3583    19.8321    22.6641    1.0576 
36.2796   11.2094    15.1090    19.1544    0.9022 
38.5120   10.2953    15.9682    19.5806    0.9470 
46.0609   9.7531    15.8734    18.8657    0.9974 
33.0599   12.2606    16.3042    20.8829    0.8826 
37.3432   11.5471    14.7204    19.0498    0.8755 
35.6223   11.6946    15.2142    19.6577    0.8753 
40.3297   11.7099    18.6215    22.2450    0.9855 
37.9479   10.5969    16.3850    19.8075    0.9661 
33.1310   12.3146    17.2525    21.7328    0.9078 
36.2525   11.2198    15.6363    19.6820    0.9097 
44.5238   9.9960    16.3212    19.3546    0.9976 
45.2041   11.4065    16.8525    20.5739    0.9551 
43.7750   8.8812    15.2143    17.9360    1.0063 
42.8494   9.8331    12.3721    16.1247    0.8691 
35.4954   10.0223    16.5453    19.6095    0.9985 
42.7756   9.9259    13.7647    17.3439    0.9182 
34.5389   10.3649    16.1745    19.5744    0.9619 
39.4891   10.7731    16.5787    20.0577    0.9652 
35.7196   11.2807    16.6565    20.4325    0.9476 
27.4854   12.6956    12.3478    18.0802    0.7386 
37.3005   9.9747    15.1796    18.4872    0.9580 
45.8327   10.0378    17.6182    20.4731    1.0395 
41.6796   10.9378    21.7870    24.6054    1.0797 
35.4185   11.1386    16.9857    20.7110    0.9579 
40.6471   11.0645    14.7934    18.7876    0.8973 
39.5700   10.5799    18.3785    21.4596    1.0218 
29.8063   11.8278    13.2976    18.1654    0.8093 
32.3755   12.2058    12.2063    17.8014    0.7437 
29.4861   12.0078    12.5489    17.8761    0.7601 
39.5437   11.1869    15.0437    19.0585    0.9050 
39.1503   11.3018    18.4256    21.8972    0.9970 
37.3346   10.2322    18.6043    21.5216    1.0343 
37.9682   10.8948    11.7434    16.3063    0.8004 
37.6135   10.1062    14.9554    18.3030    0.9558 
35.3436   11.1600    16.9608    20.6446    0.9577 
38.7017   10.5648    15.2140    18.8202    0.9348 
34.3400   9.7282    14.6248    17.8742    0.9574 
35.5262   10.9794    9.9258    15.1928    0.7093 
40.0434   9.5352    13.0101    16.3887    0.9114 
38.9550   10.6100    15.8119    19.4076    0.9414 
41.3641   11.3220    17.0003    20.6576    0.9624 
36.9295   10.9179    16.6126    20.2241    0.9591 
38.9280   10.6427    19.8509    22.8471    1.0429 
31.9167   10.5243    9.7901    14.7999    0.7128 
49.0120   9.5452    12.9183    16.3170    0.9099 
41.3924   8.6375    15.2904    17.8813    1.0233 
43.5575   9.3545    18.0176    20.5240    1.0610 
40.4705   10.6484    15.0306    18.7203    0.9271 
46.7777   12.3642    19.5175    23.3105    0.9828 
39.6144   9.3073    15.0907    18.0113    0.9910 
35.0026   10.6959    17.1268    20.5903    0.9738 
48.9158   8.9348    18.0032    20.3543    1.0791 
41.4770   10.0720    15.0224    18.4150    0.9479 
36.8178   10.1720    17.3212    20.6697    0.9875 
43.2134   9.5001    15.4403    18.3755    0.9970 
37.5871   11.2136    15.7896    19.7602    0.9160 
40.7214   10.7911    19.2562    22.2757    1.0353 
38.1677   10.3645    15.9021    19.2786    0.9645 
37.2943   11.1724    16.8906    20.5713    0.9566 
38.9042   9.7549    13.5876    16.9545    0.9276 
39.9341   11.1759    15.4936    19.4948    0.9073 
37.4855   10.2035    15.8784    19.1854    0.9681 
44.6141   9.5584    15.6431    18.5078    1.0033 
36.8569   10.7039    15.2377    18.9982    0.9222 
39.1260   10.0577    17.4039    20.4070    1.0110 
30.0069   12.8676    14.3479    19.6220    0.8119 
44.4204   11.7866    17.3884    21.2485    0.9508 
40.4480   9.8400    14.8827    18.1495    0.9620 
39.0962   11.1717    15.8843    19.8076    0.9218 
41.2950   9.8645    17.8008    20.6128    1.0354 
34.4405   11.3737    18.4880    22.0775    0.9790 
47.5507   11.0378    15.8767    19.6794    0.9356 
39.3742   12.4264    20.2926    24.0176    1.0000 
41.5783   8.1045    15.6018    17.7839    1.0684 
30.9626   10.8371    14.8799    18.8040    0.9017 
40.4767   9.8128    15.5253    18.6513    0.9793 
34.6435   12.5559    19.9143    24.1233    0.9580 
40.0139   10.0267    17.8526    20.8267    1.0199 
36.3906   12.8366    15.5339    20.5443    0.8379 
41.9197   10.7627    18.4160    21.5165    1.0188 
43.7575   11.5789    20.6546    23.8958    1.0360 
38.1242   10.3701    15.4073    18.9214    0.9406 
37.4083   9.8856    16.5857    19.6694    1.0004 
34.2685   12.1158    17.0922    21.3579    0.9152 
42.7131   9.9567    14.2821    17.6558    0.9301 
48.5264   9.9343    16.3109    19.3775    0.9980 
42.3221   10.3190    16.9929    20.2213    0.9967 
37.2426   9.9081    13.4370    16.9817    0.9165 
41.0229   10.7440    17.5713    20.8722    0.9953 
30.9565   10.7743    11.0697    16.0523    0.7492 
38.4023   10.9216    16.1799    19.8761    0.9450 
33.1123   9.1278    12.7103    15.9843    0.9151 
34.3718   11.6602    15.3829    19.7602    0.8793 
43.8564   9.6297    16.5265    19.3309    1.0237 
35.1995   10.8696    14.4294    18.4088    0.8943 
40.5762   10.3999    14.4592    18.1067    0.9247 
41.0717   8.8988    18.1114    20.5303    1.0739 
37.3127   9.9333    17.2336    20.1606    1.0239 
37.8788   10.7359    17.5589    20.8911    0.9912 
32.7165   11.3996    17.1541    21.0347    0.9352 
35.7541   9.2962    19.4311    21.9216    1.0795 
28.4255   9.7685    10.3107    14.6019    0.7727 
45.4702   9.5593    18.3249    20.9104    1.0633 
37.2460   10.6109    15.2170    18.8841    0.9305 
37.1845   9.1117    17.7131    20.1947    1.0682 
37.7502   10.2359    16.9079    20.1474    0.9836 
40.9013   10.0584    17.7015    20.7050    1.0220 
40.0329   11.4548    21.2447    24.3540    1.0538 
37.3787   10.2614    18.0432    21.0546    1.0198 
34.5537   11.9741    13.6780    18.6169    0.8247 
38.5896   11.5189    18.2672    21.8937    0.9792 
37.2240   13.1549    17.6726    22.3677    0.9000 
28.0970   12.4060    12.0431    17.7081    0.7347 
36.2095   11.1684    19.0867    22.4887    1.0022 
47.6033   9.9567    15.6832    18.8483    0.9760 
40.2696   11.9420    20.0354    23.5280    1.0141 
29.0258   12.6983    12.5619    18.3990    0.7286 
40.5753   11.6951    19.1592    22.7322    0.9917 
48.2628   11.1310    18.4069    21.6980    1.0062 
52.2476   12.0485    13.8817    18.6092    0.8403 
53.2276   11.8173    16.6323    20.7014    0.9223 
51.8693   10.6793    14.1018    17.9655    0.8970 
56.2852   12.0231    17.4115    21.3505    0.9481 
48.4360   11.4262    11.4778    16.6677    0.7492 
49.7468   10.2490    16.5099    19.6459    0.9924 
44.9926   9.9173    16.2431    19.4381    0.9839 
43.7292   11.0824    17.0828    20.5449    0.9742 
40.8560   10.9688    18.1822    21.5343    1.0070 
36.5053   12.6198    18.6403    22.9335    0.9372 
44.2762   9.4306    14.5638    17.7021    0.9663 
36.6726   11.3476    16.7809    20.5929    0.9408 
40.8101   9.8153    20.0046    22.6076    1.0745 
37.8756   10.0406    16.8062    19.8784    1.0070 
38.9526   11.4693    14.7860    19.0610    0.8797 
49.6122   9.1160    14.6412    17.4596    0.9916 
40.0867   10.7828    15.2879    19.1391    0.9180 
37.9473   11.2654    15.5640    19.5852    0.9137 
42.9812   9.8182    17.2247    20.0832    1.0247 
35.2042   12.4127    16.4715    21.1798    0.8770 
43.2388   10.4485    16.3101    19.5476    0.9843 
42.9046   11.6116    18.0983    21.7528    0.9797 
37.7956   11.1308    13.6544    17.9776    0.8555 
38.1823   10.3542    17.2800    20.4935    0.9960 
32.9296   11.6390    13.4310    18.1841    0.8233 
39.2639   9.4432    16.8143    19.5865    1.0275 
42.9480   10.7726    15.9104    19.4492    0.9532 
44.0791   9.5843    17.7119    20.4765    1.0388 
34.5312   10.5844    16.4604    20.0705    0.9518 
28.3867   11.8177    8.5643    15.0574    0.5966 
32.4776   12.8077    16.1122    21.2301    0.8418 
45.0522   9.3910    14.7954    17.7847    0.9790 
38.2278   9.9839    14.9833    18.2631    0.9576 
40.9659   10.4138    19.0499    21.9597    1.0464 
40.9114   12.1931    15.0063    19.6835    0.8532 
41.2341   11.7513    16.8767    20.8837    0.9359 
46.4098   8.6152    17.4299    19.5918    1.0969 
34.2283   12.2917    13.4497    18.5968    0.8007 
39.7373   11.0793    14.7115    18.6784    0.9006 
37.6424   12.3833    17.2742    21.6956    0.9067 
32.5836   12.2647    14.0459    19.1699    0.8057 
37.4982   10.6462    17.4474    20.7584    0.9801 
38.3001   10.6342    16.0245    19.7951    0.9275 
49.0196   10.3064    16.2343    19.4129    0.9875 
41.8060   10.9703    18.5729    21.9915    0.9936 
51.0274   9.8048    17.3877    20.1630    1.0407 
45.0920   12.4225    17.5134    21.7229    0.9270 
42.3662   10.4607    12.0368    16.4664    0.8164 
40.2023   9.1125    14.5453    17.4379    0.9832 
46.5663   9.4309    11.8217    15.3026    0.8771 
39.2230   8.5936    15.6895    18.1880    1.0340 
40.0992   9.9131    13.7925    17.2143    0.9281 
42.0797   9.1885    17.8579    20.4064    1.0554 
35.0508   12.6729    15.0278    20.1138    0.8314 
49.5291   14.1047    17.5240    22.7895    0.8624 
56.7417   12.0467    17.2402    21.2141    0.9436 
50.2636   12.3205    16.5215    20.8234    0.9095 
48.9723   14.3296    15.4039    21.3156    0.7941 
48.9443   13.5685    17.6308    22.5285    0.8898 
52.0931   10.6392    16.1101    19.5350    0.9668 
40.1166   10.7636    17.4337    20.7556    0.9903 
46.9981   9.1590    18.2032    20.5224    1.0921 
32.6767   10.6948    12.6322    16.9493    0.8359 
34.8339   11.9808    14.7882    19.3985    0.8631 
37.2211   11.1204    16.9938    20.8047    0.9514 
37.6155   10.0482    14.2778    17.8008    0.9259 
40.9116   10.3744    16.4963    19.6990    0.9921 
40.9608   11.8058    18.3716    22.3320    0.9544 
36.9225   10.2999    16.6742    19.9780    0.9794 
28.9952   11.2754    13.1289    17.7850    0.8141 
36.7292   10.9101    14.0076    18.2388    0.8664 
42.1878   8.6062    14.2092    16.7864    1.0085 
58.4804   10.8615    14.9044    18.9338    0.9023 
51.2728   13.2986    16.0731    21.0727    0.8598 
53.3918   12.3866    17.6718    21.8496    0.9321 
52.4887   10.0694    14.3938    17.9649    0.9301 
49.3339   12.7566    13.6708    19.0441    0.7818 
47.8674   9.9352    13.8881    17.3475    0.9255 
41.7497   10.2360    12.0779    16.3716    0.8217 
57.1547   9.1984    18.2698    20.7036    1.0762 
54.8098   12.0300    18.8608    22.6408    0.9788 
59.4539   8.6503    18.1086    20.2471    1.1078 
49.1352   10.6871    14.1642    18.1880    0.8855 
51.6805   11.3571    12.9122    17.5448    0.8212 
53.5683   10.8913    12.6618    16.9436    0.8405 
57.2264   9.2820    13.6354    16.7772    0.9474 
51.2829   9.7980    13.3683    16.9130    0.9107 
49.5654   12.8584    14.2479    19.6147    0.7919 
49.9215   11.7823    16.0664    20.2963    0.9105 
50.7638   11.0094    15.1540    19.0544    0.9068 
42.6885   10.2364    14.5688    18.1069    0.9270 
44.4197   11.3249    14.9095    18.9312    0.9007 
41.2352   9.3596    14.4879    17.6658    0.9513 
39.2084   11.6869    11.4910    16.8461    0.7408 
48.5790   9.7216    15.1683    18.2406    0.9804 
54.2634   13.2239    19.3747    23.7003    0.9452 
46.4521   9.9392    15.2306    18.6018    0.9500 
48.7595   12.4688    11.5122    17.4711    0.7039 
58.1787   9.2389    18.4984    20.8707    1.0844 
43.3186   11.6586    10.5610    16.1372    0.7077 
52.5748   13.0224    16.5838    21.3750    0.8745 
55.4046   9.2165    17.5390    20.0054    1.0665 
42.5552   10.7009    12.4577    16.8429    0.8185 
39.9717   10.4954    15.6522    19.2008    0.9424 
35.1211   11.8421    10.1297    16.3027    0.6618 
37.5570   10.3820    12.5079    16.6253    0.8437 
33.6825   9.5545    10.4030    14.6324    0.7848 
41.0566   10.3332    12.7710    16.9393    0.8516 
41.6672   10.4274    11.7025    16.0614    0.8084 
43.1202   11.1390    17.5261    21.0495    0.9725 
41.8128   7.4984    9.8333    12.6978    0.8855 
40.3780   11.6676    16.2004    20.4011    0.9063 
46.7536   11.7200    15.8888    19.9700    0.9142 
41.5004   10.2127    13.0995    16.9442    0.8758 
36.2011   11.4828    15.1144    19.4250    0.8798 
32.6198   11.2454    9.8374    15.3500    0.6850 
43.9042   8.4988    16.4493    18.8726    1.0456 
44.8441   10.0060    14.5972    17.9263    0.9449 
46.9930   9.6821    10.8805    14.8569    0.8204 
38.1979   10.6166    14.8526    18.6979    0.9080 
44.0173   12.2651    17.9104    21.8827    0.9508 
34.9815   11.8812    9.9089    15.8675    0.6644 
40.6040   10.9136    16.1499    19.8653    0.9463 
52.2121   9.7171    16.3332    19.4107    0.9952 
44.8466   10.3980    15.5360    18.9321    0.9569 
42.4861   9.7970    16.0978    19.1765    0.9881 
42.4842   11.0231    12.4257    16.9196    0.8173 
40.9982   9.6260    13.1808    16.6268    0.9079 
43.5680   10.5481    12.8533    17.1515    0.8409 
45.8161   10.7246    18.2363    21.3582    1.0140 
41.9330   10.8584    13.1911    17.3452    0.8613 
37.8943   11.3311    14.6148    18.8543    0.8837 
43.3016   9.8027    14.4498    17.7593    0.9438 
44.4235   11.1355    14.1306    18.1919    0.8855 
42.6531   11.8943    16.2148    20.4361    0.9087 
46.1661   9.6880    14.2139    17.6300    0.9304 
43.6034   10.5045    15.0131    18.5526    0.9387 
51.6649   11.5008    17.7662    21.3797    0.9787 
50.4712   10.3526    17.1469    20.2694    1.0094 
40.4326   9.8706    11.6345    15.6775    0.8329 
44.3754   8.9816    14.9822    17.7315    1.0025 
46.4159   10.1802    16.5778    19.6782    0.9950 
39.0734   10.4590    11.4328    15.8789    0.7990 
44.8687   8.9823    16.0361    18.5990    1.0346 
55.9905   9.0307    17.1217    19.5386    1.0649 
48.4983   9.5763    15.6179    18.6931    0.9882 
41.0614   10.9666    17.2195    20.7257    0.9679 
46.4772   10.5787    15.7772    19.2760    0.9512 
42.1400   9.6776    12.6980    16.3061    0.8869 
42.8909   10.1622    16.0820    19.2631    0.9869 
45.3280   10.3235    14.9335    18.4943    0.9323 
45.7258   10.6036    16.7529    20.0244    0.9914 
43.7846   9.7425    15.3654    18.6268    0.9631 
36.7175   12.7547    15.9333    20.8214    0.8562 
37.9349   11.3328    16.8605    20.7691    0.9360 
42.2019   9.9203    12.0727    15.8473    0.8678 
39.0928   9.3461    15.3365    18.2732    0.9914 
38.0951   10.6380    16.4745    19.8800    0.9701 
36.1275   12.0362    16.6186    20.9835    0.9028 
34.9663   10.1894    15.8273    19.1986    0.9689 
34.3018   11.7686    16.0649    20.2426    0.9070 
43.4995   10.5148    13.7614    18.0761    0.8582 
32.0108   12.2468    12.7303    18.1005    0.7674 
37.9408   11.8906    16.5123    20.7611    0.9106 
45.3933   9.2974    15.4498    18.3254    0.9959 
43.4784   8.3374    15.4603    17.7776    1.0506 
40.2453   11.6146    15.8975    20.1059    0.8998 
38.8618   10.7815    15.3005    19.0251    0.9294 
36.3296   12.4275    13.7789    19.0557    0.7965 
47.3083   9.4206    15.7227    18.5914    1.0002 
43.6984   9.3448    15.3587    18.2313    0.9974 
46.2170   9.9349    13.8177    17.4732    0.9092 
41.3796   10.3632    14.8216    18.3602    0.9329 
