19.9813   7.7279    -0.7189    8.1435    -0.1012 
18.6392   8.9561    0.1147    9.3510    0.0090 
17.1111   5.9908    -4.0540    7.4173    -0.5772 
23.8644   8.3139    4.0046    9.8441    0.4271 
14.9515   5.3345    -2.9751    6.3435    -0.4930 
14.8946   6.1740    -6.2396    8.9994    -0.7771 
26.9845   9.4587    7.6639    12.8969    0.5968 
14.8267   5.4560    -5.1491    7.6253    -0.7493 
14.3200   6.2033    -4.8829    8.1348    -0.6513 
14.3547   6.4717    -7.0395    9.6642    -0.8169 
21.0146   9.1401    3.1795    12.2331    0.1474 
14.9157   4.6541    -3.5034    6.1894    -0.6125 
20.5461   7.7178    0.7383    8.2772    0.0986 
25.9599   8.5207    3.9727    10.9158    0.2895 
17.8464   7.0558    -1.5739    7.4765    -0.2052 
13.4371   5.8341    -4.6333    7.6034    -0.6643 
15.5136   6.0489    -5.1477    8.3815    -0.6899 
19.5826   7.9776    1.4853    8.7500    0.1384 
18.1467   8.9361    -1.4539    9.3799    -0.1599 
19.9332   6.5637    -2.0092    8.4020    -0.4010 
16.9711   5.6997    -4.3407    7.5288    -0.6059 
18.2397   9.7431    1.6189    10.5223    0.1503 
23.4228   11.0675    4.7446    12.7242    0.3606 
22.2393   9.6171    0.7697    10.0077    0.0823 
25.7090   9.0773    4.1815    10.6345    0.3947 
28.5042   8.5036    7.5914    12.4520    0.6038 
23.9650   9.2793    5.1421    11.9042    0.3699 
15.3660   5.2655    -3.0973    6.3757    -0.5137 
18.0669   6.3670    -4.0305    7.8981    -0.5343 
19.1693   7.4977    -1.0225    8.5527    -0.1827 
15.9539   5.3443    -4.0897    6.9876    -0.6073 
24.7383   8.9472    3.9287    10.4702    0.3889 
16.3160   6.9990    -4.4659    8.6201    -0.5485 
20.0049   7.8665    -1.6353    8.1769    -0.1906 
23.1420   10.8541    5.4052    13.1857    0.3723 
21.6207   7.7732    1.7064    8.4948    0.1923 
17.9176   7.9636    -1.2885    8.5379    -0.1470 
17.3763   6.4727    -2.5694    7.1454    -0.3657 
16.6803   6.4805    -2.8232    7.5048    -0.3988 
16.0233   6.6926    -2.7648    7.4345    -0.3709 
13.2069   5.3667    -3.9471    6.8032    -0.6159 
19.0998   7.2372    -1.5494    7.6931    -0.1956 
25.1244   9.4201    6.7029    12.3288    0.5673 
23.9509   11.8204    6.5503    14.0506    0.4528 
23.6060   9.2890    3.8860    10.5863    0.3640 
14.8702   5.1093    -5.6144    7.6986    -0.8206 
15.9575   6.8930    -2.0665    7.4117    -0.2698 
19.7071   8.0054    0.5131    8.5168    0.0566 
23.2387   8.7595    3.6010    10.1776    0.3334 
22.0451   8.3348    2.1423    9.5752    0.1812 
25.0577   11.1716    5.2334    12.8016    0.3951 
28.5557   10.9233    7.4896    13.9510    0.5446 
26.5247   8.5063    9.2410    13.3774    0.7303 
18.6000   7.4485    -0.4277    8.1366    -0.0421 
30.6627   11.0733    9.1736    14.7977    0.6502 
27.9253   9.3748    4.4997    11.8256    0.3368 
29.4117   8.7915    5.1892    10.8643    0.5085 
29.1135   9.7489    7.4486    12.7270    0.6115 
34.5916   10.3013    12.7747    17.1443    0.8171 
27.0556   10.5510    2.6068    11.3366    0.2248 
25.1616   12.9047    6.4298    14.8978    0.4280 
20.8620   6.9503    0.6912    7.6086    0.0687 
21.0073   8.5726    1.7298    9.3196    0.1868 
29.1841   7.7608    9.6005    12.7084    0.8560 
31.6551   10.5706    8.0108    13.9104    0.5873 
24.0636   8.9990    6.5792    11.6027    0.5964 
28.1830   8.6490    7.2549    11.9390    0.6486 
25.1370   8.6196    6.9985    11.4874    0.6567 
20.5076   8.4336    2.0905    9.2880    0.2289 
16.2334   4.2809    -1.8571    5.3596    -0.3928 
18.4728   7.0823    1.8890    7.8825    0.2420 
17.1988   5.8357    -3.1044    6.9787    -0.4621 
21.9213   6.4816    2.9421    7.9569    0.3347 
14.1446   4.2714    -3.2025    5.6659    -0.6175 
14.8759   4.0348    -3.2331    5.3428    -0.6723 
20.1870   6.6971    5.0496    9.0571    0.5445 
15.7506   5.1520    -1.0049    6.7214    -0.3046 
15.8614   5.3240    -1.6474    5.8975    -0.3190 
27.2317   10.2045    8.5378    13.8813    0.6366 
28.4556   9.4504    9.6389    13.9268    0.7523 
18.1361   5.7313    -1.4278    6.3950    -0.2154 
18.9371   8.5932    -0.3404    8.8467    -0.0283 
21.5016   6.6012    0.9828    7.6219    0.0230 
20.1993   8.4426    5.0576    10.4068    0.5145 
30.4805   10.9265    6.4758    13.8631    0.4416 
33.1182   9.6284    9.0044    14.1269    0.6770 
34.8664   10.3373    8.4424    13.7815    0.6501 
28.6638   10.8110    7.3427    13.4757    0.5725 
26.2088   10.1514    5.5543    12.6877    0.4084 
34.1523   8.4599    9.1886    13.0192    0.7826 
26.0273   9.5290    7.9358    12.7756    0.6760 
22.1766   9.5309    2.6117    10.4902    0.2156 
23.7984   9.1209    3.9145    10.8522    0.2906 
27.4218   10.4041    11.6001    16.1805    0.7939 
18.7837   9.6336    3.7657    10.8994    0.3330 
15.3673   6.3545    -3.5804    7.7933    -0.4898 
31.1145   8.8090    6.5727    11.7909    0.5827 
30.7679   10.1562    5.9771    12.6807    0.4647 
28.8466   12.3869    8.4522    15.3910    0.5658 
25.2936   11.7090    6.3116    14.0279    0.4233 
31.3424   11.5342    7.8659    15.0662    0.5266 
23.1477   9.3124    -1.2926    9.9246    -0.1405 
26.6264   9.0508    1.6107    9.6747    0.1745 
28.8066   9.2834    2.6833    10.3739    0.2742 
20.8537   9.0469    -3.1817    9.8498    -0.3269 
28.5594   10.9994    4.0085    12.2012    0.3286 
22.1324   8.2139    -2.1566    8.8780    -0.2421 
29.2702   10.6167    4.7034    12.1782    0.4025 
22.5947   9.1794    -1.1300    9.4868    -0.1024 
31.3388   8.7863    3.8798    10.6285    0.3916 
27.4330   9.9359    5.9317    12.2244    0.4849 
16.3820   6.1308    -8.2468    10.3302    -0.9397 
31.6332   8.1428    5.7426    11.0305    0.5651 
29.3092   10.5432    4.8297    12.4458    0.3679 
30.0009   12.0501    10.9069    16.9203    0.6793 
33.9659   9.7785    6.6127    12.3188    0.5641 
23.1460   6.9271    -2.1791    8.4934    -0.2797 
28.4361   10.4008    5.9783    12.6162    0.4736 
18.1867   6.8671    -5.3733    9.0090    -0.6462 
17.7289   6.1621    -3.2397    7.2939    -0.5013 
19.1465   8.4600    -0.7442    8.7574    -0.0914 
22.3265   8.5138    0.8489    9.4002    0.0245 
20.5998   7.6251    -1.7572    8.1741    -0.2307 
21.7721   8.2545    2.0890    8.9674    0.2305 
21.6716   6.9348    0.1195    7.2946    0.0259 
31.3652   9.4332    6.1629    11.6638    0.5602 
32.5819   10.2329    6.6321    12.7982    0.5451 
21.9393   10.0260    -0.6004    10.4351    -0.0546 
30.3444   10.5707    7.6407    15.0263    0.4293 
28.0740   10.3898    6.9680    13.4507    0.5082 
17.5482   6.5615    -6.9720    9.8395    -0.8058 
31.2449   11.9168    12.1754    17.6769    0.7412 
26.6229   12.1356    7.2753    14.9111    0.4799 
21.1538   7.5038    -2.1911    9.4575    -0.3342 
26.1864   8.1693    3.4515    9.5427    0.3613 
25.7410   8.2563    4.0728    10.4241    0.3737 
19.0496   7.5964    -5.6857    9.7846    -0.6119 
25.6792   7.6670    1.5307    8.7478    0.1502 
32.6455   7.2118    9.3787    12.3745    0.8667 
30.1309   8.6108    8.0458    12.6275    0.6821 
21.8589   7.8279    0.8179    8.5399    0.0720 
31.5812   9.5703    6.2366    12.0675    0.5276 
26.0295   7.2867    1.2147    10.1079    -0.0143 
23.2374   10.0226    0.0860    10.4968    -0.0036 
28.3820   11.0631    7.2506    14.1104    0.5101 
28.9229   10.2722    6.3633    12.8614    0.5050 
32.2067   8.2177    7.2188    11.7006    0.6531 
29.1053   11.8132    5.9923    13.7895    0.4432 
19.2149   6.3145    -4.2747    7.7903    -0.5680 
36.9505   10.3521    10.8766    15.6929    0.7462 
23.5064   8.6638    -0.9106    9.0282    -0.0944 
27.6047   11.6685    7.9647    14.6158    0.5685 
27.0339   8.7178    4.6670    10.8781    0.4471 
22.5574   8.3223    1.4907    9.1539    0.1692 
24.4065   10.8664    2.2296    11.9624    0.1519 
32.7449   11.8132    8.4492    15.0036    0.5875 
32.5751   9.0744    7.2201    12.4896    0.6219 
23.1613   8.3880    2.4232    9.4203    0.2658 
26.5917   8.1320    4.6298    10.0904    0.4488 
19.6956   8.0466    -3.0533    9.0126    -0.3416 
19.6931   6.9136    -4.5675    8.4814    -0.5707 
36.5724   11.2429    10.8710    16.1835    0.7302 
32.1767   8.7348    8.0353    12.4494    0.7052 
34.0169   7.7788    9.1827    12.8435    0.7799 
36.2427   8.1869    6.4051    11.6206    0.5408 
21.1076   9.0375    -2.7333    9.8396    -0.2868 
28.6673   7.9092    4.1157    9.5740    0.4608 
33.1574   9.4001    5.4287    11.6052    0.4697 
28.0712   10.0201    2.3574    10.7943    0.2129 
26.6575   10.0491    2.7680    10.7959    0.2572 
27.6488   9.4443    3.2721    10.5017    0.3205 
30.9601   10.1541    8.3401    13.5407    0.6621 
30.7513   9.9936    6.9396    12.8539    0.5609 
23.6555   11.9085    5.7219    14.4125    0.3529 
31.8587   13.1716    10.0781    17.0803    0.6228 
32.4343   11.3065    8.0687    14.3859    0.5931 
29.3574   10.2133    5.6136    12.0873    0.4745 
32.8773   11.2177    9.4006    15.4442    0.6228 
33.4779   8.0192    10.0052    14.2299    0.7316 
29.7798   9.3133    2.9444    10.0744    0.2961 
28.2173   11.4041    6.6779    13.8228    0.4900 
30.0879   10.9718    5.0262    12.7522    0.3897 
27.9973   11.7264    6.5774    14.1257    0.4579 
17.4597   6.2979    -8.3312    10.5069    -0.9289 
18.7227   7.2944    -2.7256    8.0280    -0.3603 
23.5997   8.4113    0.3018    8.7222    0.0458 
29.7838   11.9190    7.1516    14.4846    0.4979 
26.6725   7.0630    1.5369    9.3239    0.1678 
19.9791   4.9222    -4.1505    6.6044    -0.6783 
16.9437   6.2772    -3.1729    7.2961    -0.4604 
16.6281   6.2627    -5.4486    8.4903    -0.7126 
19.9961   7.2781    -5.6477    9.4813    -0.6348 
31.3637   9.3753    7.5581    12.8376    0.6355 
34.2924   7.8075    4.1317    9.4061    0.4817 
20.2976   5.7569    -4.5467    7.4991    -0.6601 
30.3217   11.0875    9.1661    15.0575    0.6293 
28.8992   9.7922    7.1519    12.6411    0.6006 
30.0439   10.0618    6.3777    12.6498    0.5112 
25.1378   10.5393    4.7801    12.6625    0.3467 
16.9949   7.3744    -4.9443    9.1800    -0.5701 
27.4943   9.6977    7.8174    12.9130    0.6426 
28.4643   11.2071    5.9821    13.3370    0.4436 
19.9940   8.8751    0.6467    9.7495    0.0408 
32.5591   11.7495    6.3895    14.1119    0.4594 
33.8934   8.0443    9.9656    13.2424    0.8583 
33.9117   10.4943    8.8182    14.2974    0.6561 
36.2396   8.1453    10.1971    13.4333    0.8671 
36.7396   10.1961    10.8273    15.4427    0.7669 
28.9242   7.7297    4.2742    9.5295    0.4934 
19.7803   7.5171    -3.5593    8.5303    -0.4254 
26.6239   8.7070    3.3140    10.0140    0.3266 
37.1176   10.7046    13.0954    17.4267    0.8373 
18.0628   6.7438    -5.6092    9.0167    -0.6686 
19.9164   6.6971    -2.9103    7.9382    -0.4069 
15.2012   5.3665    -5.2817    7.6644    -0.7549 
25.6877   9.5946    1.2373    10.1395    0.1388 
35.0537   11.8542    13.3675    18.4584    0.8066 
30.6434   11.3846    5.1187    13.6988    0.3485 
25.7721   10.0680    3.4037    11.2162    0.3008 
25.3730   11.1637    6.8846    14.1591    0.4743 
28.1702   7.1714    2.1635    9.0337    0.1624 
18.8176   8.5161    -4.2376    9.7368    -0.4407 
21.1459   6.9929    -4.3158    8.4350    -0.5478 
26.6517   11.8115    3.9908    12.9349    0.3023 
17.2847   5.4700    -5.2548    7.7627    -0.7437 
16.8019   5.7764    -7.5741    9.6139    -0.9138 
20.6935   9.4878    -0.6385    9.8560    -0.0597 
26.3321   8.0471    3.9992    10.2862    0.3782 
29.0651   9.8303    5.7499    12.0862    0.4903 
31.0840   8.5200    7.8250    12.2381    0.7003 
27.5114   10.7156    4.6615    12.8362    0.3254 
27.2846   9.1340    4.3455    11.5488    0.3010 
23.1120   9.5904    -1.9852    10.0210    -0.1962 
24.5015   9.7478    -0.9517    10.4628    -0.0833 
31.0519   9.5271    5.7540    11.8080    0.4941 
32.3681   10.7295    9.1273    14.7120    0.6612 
34.5135   9.2996    9.2361    13.5384    0.7443 
19.7347   6.8598    -6.2927    9.4499    -0.7350 
30.3259   10.5292    6.0897    13.4865    0.4303 
30.6866   11.1223    6.1931    13.6223    0.4587 
23.4270   9.8752    -0.0616    10.1547    0.0026 
19.0400   7.7034    -3.5612    8.6741    -0.4151 
27.4626   10.6124    4.2650    12.1819    0.3555 
30.4814   9.7730    8.1143    13.4156    0.6278 
32.5440   9.5857    9.1498    13.9809    0.7004 
30.2480   10.2149    8.9659    14.1201    0.6729 
26.7680   9.8089    3.2390    11.0272    0.2930 
30.8972   9.7654    4.7477    11.5020    0.4310 
23.0878   8.9812    2.1751    10.2553    0.1631 
28.2923   12.0343    6.4574    14.5533    0.4192 
23.8237   9.7231    0.8944    10.5097    0.0613 
19.0095   7.5003    -5.7573    9.6280    -0.6413 
28.6568   11.7204    6.6673    14.0950    0.4777 
27.9888   9.6110    4.0665    11.7960    0.3308 
27.1332   8.3090    1.1344    8.7990    0.1554 
17.3262   5.1793    -4.7664    7.1716    -0.7308 
18.3416   8.1346    -4.5237    9.8560    -0.5005 
31.3757   13.1818    13.5719    19.4892    0.7463 
28.5013   9.0574    4.0598    10.9752    0.3640 
20.4945   8.1939    -3.2103    9.5772    -0.3619 
23.7948   9.2457    0.9293    10.0379    0.0728 
18.8233   6.4153    -5.8997    8.8343    -0.7376 
16.5371   6.0643    -7.6691    9.8783    -0.8953 
28.8096   10.8664    5.7514    12.6580    0.4606 
29.8395   11.2948    9.6701    15.6716    0.6409 
28.5743   8.0332    3.9048    11.4448    0.1966 
27.0989   9.1207    5.2316    11.8938    0.4157 
22.9651   11.3510    2.6964    12.2741    0.2132 
32.0823   9.0208    6.2549    11.9661    0.5163 
24.1703   9.1974    -1.1688    9.7436    -0.1232 
20.8723   8.2203    -2.0048    9.1189    -0.2400 
32.2943   8.8117    6.9727    11.9040    0.6278 
20.2868   7.7717    -4.3455    9.0885    -0.4934 
27.3740   11.4454    7.1423    14.0213    0.5157 
24.5829   9.1084    2.3061    10.0395    0.2303 
31.8986   12.5155    11.7293    17.6764    0.7145 
30.8608   10.0481    6.7860    12.8267    0.5508 
24.7960   12.4999    4.2782    13.7530    0.3025 
27.2887   10.4529    6.0128    13.0117    0.4309 
21.4548   7.6682    -2.6799    8.5528    -0.3258 
29.2892   11.0111    3.6330    11.9841    0.3042 
30.1897   11.8290    6.8406    14.9192    0.4258 
26.5031   9.1268    4.5692    10.8291    0.4208 
26.5255   9.6620    4.3422    11.5896    0.3423 
31.5280   10.3394    9.3565    14.5307    0.6923 
28.6156   9.0105    7.6356    12.2665    0.6717 
25.0593   9.8271    -1.8149    10.4327    -0.1812 
28.6222   10.8744    6.4275    13.8989    0.4260 
31.6010   9.6610    5.8085    12.7005    0.4321 
35.0687   10.3809    10.7425    15.7292    0.7218 
32.3797   8.9743    4.5714    11.5890    0.3663 
27.5066   9.7264    1.8231    10.5459    0.1828 
22.6569   8.5263    1.6783    9.0753    0.1985 
34.7120   11.0440    9.7616    15.4529    0.6774 
26.8012   10.7181    4.7869    12.4823    0.3649 
33.8182   11.6524    10.3457    16.1535    0.6852 
29.3496   11.2403    2.7487    11.9938    0.2338 
25.2402   9.6239    4.1603    11.0998    0.3743 
28.1608   9.5601    5.9151    11.6446    0.5197 
33.1587   11.8588    11.2844    16.6641    0.7447 
32.3839   8.3683    5.1521    10.6629    0.4737 
30.8163   11.2293    10.1533    15.6187    0.6953 
23.1449   10.1470    -0.7134    10.4257    -0.0734 
28.4523   11.2115    5.3775    13.1491    0.4100 
21.7362   7.1784    -2.3383    8.0562    -0.2960 
34.8483   9.1800    8.9746    13.3851    0.7258 
35.7210   8.6004    8.3746    12.5051    0.7242 
31.2699   10.2823    5.6318    12.4829    0.4565 
26.8701   12.1884    8.0539    15.0090    0.5476 
27.0542   9.9077    2.3068    11.0809    0.1671 
29.6306   10.9494    4.3155    12.5279    0.3216 
23.5517   8.7377    -0.0455    8.9946    0.0005 
26.8997   10.1521    3.6991    12.1830    0.2575 
19.4469   7.2977    -3.2959    9.0075    -0.4232 
28.4205   9.8814    0.6995    10.7040    0.0677 
23.7053   9.1438    -1.0706    9.6154    -0.0976 
31.6545   9.0910    7.0417    12.3883    0.5863 
24.3383   7.7919    5.2201    10.0874    0.5375 
30.1862   7.8011    8.5663    12.3509    0.7566 
28.5212   9.7572    7.6802    13.3603    0.5762 
29.5200   8.4364    8.6287    12.5217    0.7543 
34.0617   9.7078    5.2792    11.5997    0.4852 
25.2309   8.5460    -2.5088    9.1758    -0.2760 
22.4812   8.0048    -1.1558    8.3112    -0.1272 
23.8705   6.7369    -1.8790    7.6911    -0.2840 
30.7940   7.2281    3.5466    9.6249    0.3577 
35.6557   8.6811    10.6426    14.1641    0.8448 
26.1027   7.1515    1.0641    9.3849    -0.0076 
